+0.00000000 +0.00000000 +0.00000000
+0.00347500 +0.00601888 +0.00000000
-0.00347500 +0.00601888 +0.00000000
-0.00695000 +0.00000000 +0.00000000
-0.00347500 -0.00601888 +0.00000000
+0.00347500 -0.00601888 +0.00000000
+0.00695000 +0.00000000 +0.00000000
+0.00695000 +0.01203775 +0.00000000
+0.00000000 +0.01203775 +0.00000000
-0.00695000 +0.01203775 +0.00000000
-0.01042500 +0.00601888 +0.00000000
-0.01390000 +0.00000000 +0.00000000
-0.01042500 -0.00601888 +0.00000000
-0.00695000 -0.01203775 +0.00000000
+0.00000000 -0.01203775 +0.00000000
+0.00695000 -0.01203775 +0.00000000
+0.01042500 -0.00601888 +0.00000000
+0.01390000 +0.00000000 +0.00000000
+0.01042500 +0.00601888 +0.00000000
+0.01042500 +0.01805663 +0.00000000
+0.00347500 +0.01805663 +0.00000000
-0.00347500 +0.01805663 +0.00000000
-0.01042500 +0.01805663 +0.00000000
-0.01390000 +0.01203775 +0.00000000
-0.01737500 +0.00601888 +0.00000000
-0.02085000 +0.00000000 +0.00000000
-0.01737500 -0.00601888 +0.00000000
-0.01390000 -0.01203775 +0.00000000
-0.01042500 -0.01805663 +0.00000000
-0.00347500 -0.01805663 +0.00000000
+0.00347500 -0.01805663 +0.00000000
+0.01042500 -0.01805663 +0.00000000
+0.01390000 -0.01203775 +0.00000000
+0.01737500 -0.00601888 +0.00000000
+0.02085000 +0.00000000 +0.00000000
+0.01737500 +0.00601888 +0.00000000
+0.01390000 +0.01203775 +0.00000000
+0.01390000 +0.02407551 +0.00000000
+0.00695000 +0.02407551 +0.00000000
+0.00000000 +0.02407551 +0.00000000
-0.00695000 +0.02407551 +0.00000000
-0.01390000 +0.02407551 +0.00000000
-0.01737500 +0.01805663 +0.00000000
-0.02085000 +0.01203775 +0.00000000
-0.02432500 +0.00601888 +0.00000000
-0.02780000 +0.00000000 +0.00000000
-0.02432500 -0.00601888 +0.00000000
-0.02085000 -0.01203775 +0.00000000
-0.01737500 -0.01805663 +0.00000000
-0.01390000 -0.02407551 +0.00000000
-0.00695000 -0.02407551 +0.00000000
+0.00000000 -0.02407551 +0.00000000
+0.00695000 -0.02407551 +0.00000000
+0.01390000 -0.02407551 +0.00000000
+0.01737500 -0.01805663 +0.00000000
+0.02085000 -0.01203775 +0.00000000
+0.02432500 -0.00601888 +0.00000000
+0.02780000 +0.00000000 +0.00000000
+0.02432500 +0.00601888 +0.00000000
+0.02085000 +0.01203775 +0.00000000
+0.01737500 +0.01805663 +0.00000000
