0.0 0.0325625551823 0.0
-0.0282 0.0162812775911 0.0
-0.0282 -0.0162812775911 0.0
0.0 -0.0325625551823 0.0
0.0282 -0.0162812775911 0.0
0.0282 0.0162812775911 0.0
0.0282 0.0488438327734 0.0
-0.0282 0.0488438327734 0.0
-0.0564 0.0 0.0
-0.0282 -0.0488438327734 0.0
0.0282 -0.0488438327734 0.0
0.0564 0.0 0.0
0.0 0.0651251103646 0.0
-0.0564 0.0325625551823 0.0
-0.0564 -0.0325625551823 0.0
0.0 -0.0651251103646 0.0
0.0564 -0.0325625551823 0.0
0.0564 0.0325625551823 0.0
0.0282 0.0814063879557 0.0
-0.0282 0.0814063879557 0.0
-0.0564 0.0651251103646 0.0
-0.0846 0.0162812775911 0.0
-0.0846 -0.0162812775911 0.0
-0.0564 -0.0651251103646 0.0
-0.0282 -0.0814063879557 0.0
0.0282 -0.0814063879557 0.0
0.0564 -0.0651251103646 0.0
0.0846 -0.0162812775911 0.0
0.0846 0.0162812775911 0.0
0.0564 0.0651251103646 0.0
0.0564 0.0976876655469 0.0
0.0 0.0976876655469 0.0
-0.0564 0.0976876655469 0.0
-0.0846 0.0488438327734 0.0
-0.1128 0.0 0.0
-0.0846 -0.0488438327734 0.0
-0.0564 -0.0976876655469 0.0
0.0 -0.0976876655469 0.0
0.0564 -0.0976876655469 0.0
0.0846 -0.0488438327734 0.0
0.1128 0.0 0.0
0.0846 0.0488438327734 0.0
0.0282 0.113968943138 0.0
-0.0282 0.113968943138 0.0
-0.0846 0.0814063879557 0.0
-0.1128 0.0325625551823 0.0
-0.1128 -0.0325625551823 0.0
-0.0846 -0.0814063879557 0.0
-0.0282 -0.113968943138 0.0
0.0282 -0.113968943138 0.0
0.0846 -0.0814063879557 0.0
0.1128 -0.0325625551823 0.0
0.1128 0.0325625551823 0.0
0.0846 0.0814063879557 0.0
0.0564 0.130250220729 0.0
0.0 0.130250220729 0.0
-0.0564 0.130250220729 0.0
-0.0846 0.113968943138 0.0
-0.1128 0.0651251103646 0.0
-0.141 0.0162812775911 0.0
-0.141 -0.0162812775911 0.0
-0.1128 -0.0651251103646 0.0
-0.0846 -0.113968943138 0.0
-0.0564 -0.130250220729 0.0
0.0 -0.130250220729 0.0
0.0564 -0.130250220729 0.0
0.0846 -0.113968943138 0.0
0.1128 -0.0651251103646 0.0
0.141 -0.0162812775911 0.0
0.141 0.0162812775911 0.0
0.1128 0.0651251103646 0.0
0.0846 0.113968943138 0.0
0.0846 0.14653149832 0.0
0.0282 0.14653149832 0.0
-0.0282 0.14653149832 0.0
-0.0846 0.14653149832 0.0
-0.1128 0.0976876655469 0.0
-0.141 0.0488438327734 0.0
-0.1692 0.0 0.0
-0.141 -0.0488438327734 0.0
-0.1128 -0.0976876655469 0.0
-0.0846 -0.14653149832 0.0
-0.0282 -0.14653149832 0.0
0.0282 -0.14653149832 0.0
0.0846 -0.14653149832 0.0
0.1128 -0.0976876655469 0.0
0.141 -0.0488438327734 0.0
0.1692 0.0 0.0
0.141 0.0488438327734 0.0
0.1128 0.0976876655469 0.0
0.0564 0.162812775911 0.0
0.0 0.162812775911 0.0
-0.0564 0.162812775911 0.0
-0.1128 0.130250220729 0.0
-0.141 0.0814063879557 0.0
-0.1692 0.0325625551823 0.0
-0.1692 -0.0325625551823 0.0
-0.141 -0.0814063879557 0.0
-0.1128 -0.130250220729 0.0
-0.0564 -0.162812775911 0.0
0.0 -0.162812775911 0.0
0.0564 -0.162812775911 0.0
0.1128 -0.130250220729 0.0
0.141 -0.0814063879557 0.0
0.1692 -0.0325625551823 0.0
0.1692 0.0325625551823 0.0
0.141 0.0814063879557 0.0
0.1128 0.130250220729 0.0
